$ANSIBLE_VAULT;1.1;AES256
33356638326336383938326363353136373131626166356133616262613965353234373735313837
3431353765616163353866653536613163643364653232340a336462366333396536656233363835
65376563663835396664613063336233653834346631663963326562343636326365353937363437
3239386366323461320a653332393666373339303661663536366533646231343738383831636630
30666636613832643333346537303839636133663366303163636537353739373462333562663462
34393363326665376132666233646466383837323438623361323633646462623263323131626239
66376661346437653466616631303631376135656132636362383335356661356464376462623463
64373966636364363161343562313137356364306432633362616261643964323164333632336161
39643534343730316262303531613162666161376231653133616562323066316263333033376131
63633562386133623033383836373265616266643665316464633162663131373433306561643862
36373631646437376265333838346664313365646164386333303331326161626261393532663561
34613332373731343537336334363335363961643032366336393939393861303566623031343961
32343664663736363066666436336362313962653732386633656133363861313335653564663831
37643964363964623362613533393331393366343331656237383530633962353034656233393037
66343637363639633434323632373938356235373939633362643235366437396234643062333865
30396231333439323438356632653131386462616639393461616363643966303537353964626237
38346535653136623864333337663564626366353239386333653134363666313765633630653362
63643038373864383532643036366234313338366631373666383839323031336532393761633661
33386561363835396339623931326232326662326664616236613030643366663665613036613133
66333662303865613934376536623061393733366162306564346338643734303533613138633762
65633362343337396139306235383635373532626665343236323166323530333237643937393032
31666133643836373338373430353837323834633535613064356635633532663062323935653166
34346564333264633863303932636433303131396562313938643435373335333562636638373637
34633734633439356336383439633062306261313266323764636433343332303736616363353562
31393264333636313263633532323736303765346266656166613361396465363138346231353861
65623765386233343566363866626631336334623037373736623838663561386466656135373734
30333933373232333666386465653236316564613138373736643233323635326364326234393661
34366165353435373838653037636466316339366235353236663732666231356432323933633964
36633166396633616565626666336463386363633765656232353833626566336163663733363835
63326563613033646237653563393637306237393763653234333434633362316262303037396561
37366434303935623833343136313238373734646661613438663039396330613838386632376362
34313064376336343136653065326561373139663136316134303733316230633466613536656235
62376262373239346138333163626263303563383866363834386639616335333535343962643761
64636238636635336435623430363337383233643065376235323439646561333562636233326338
36636536356431316638393862656632643062393431646538366261666435306535333665376436
38386139353332633965636336643737396434613332386434333331623763316435376563623432
32626634623636653663306137353063323333333531643431383766383364653439323833313335
66353362356162653436336633366132386439383239393630306232396533626236326164306636
31616332653837323631393931336432343939666635636139326532303536396335666638616462
38386137313464656232353336633564346336316462653431396464653333373133336363633766
30323161373532393732353537333064356439633866353163343339326162326539333962363530
31326432353031343230323761643436373337306466653735663031623138623439383964623631
31623438643661383235663962333331353836613032396539646533323738656632373965356339
32613030643261313562343133333131346462623031643366333738326434386131626565386462
31363634326130333936383561353563383633313931356637653432393332633638343435653236
37633430346231613738336663656331306130626338613634386565336130366432643932376661
65663231666637653837383363306539343133343064363566336532666138356365353731313531
31393133383839333965336634636566323834626335656230326636363735303032393463376337
63373832316438313061646338333536633838343665666231396363383139363635626237613532
36363131663062663035356163323265356438336464306434636335366539326636666139636261
39386666323662663665373135663134333634643830623462363436646131346265623964626566
34613063343163663465623336656332663863303330383732303864633632343533613666393062
35393037396232343034633561313738386662336632653035376435306237626237643336663664
65343564386131373834646137663832396564306433643230393636626530656235623636363564
38376235356436353131643162396465623437393037646536613565636164616365616462313131
31386239666135633435383339653762346337393836303333643463663464393361383630653531
34373334383061313563343739386239636638386137363763663833623337393338383438313137
62376263633335653837386137623538346335323239623766623162623539393238626132616464
36623935366234666162373962656261326534343964623436316266386339323038393339626661
37666236386137333531666231323264326332656431383731633336633366316664303539616138
63643132613737363163633437613666613865663062666565323738393865386230626436363165
34616462663163306136643062323965356134393064613663373533646262376238623634353963
62626532363464626561643937343131613063316132316161366164326638343038316664633530
63346431626262306463356633656239646132643137633630323537366136343865383066353138
31383764616434623935333539393163373534616239343261666239313136643430376234616436
33613935656139393031396533663434306466643430313034646466646565666265336661633332
31623362346430363338303339323962653064356333353132393261346138633339323864666536
33306630636661323838303736373539356631613437323035396636393863363433343732356366
32333566373764363562653931643362376665303338396539663265316531393431616233623033
34356364383237356332613634386131366362316530643462333036333539386332366261656165
38613130333334616236366336393238373835316230313734626364643932376433633034636466
31623533633036363535653734333932653937333763333338313763326135663333623333616664
33656239346164653631343733363262656634623637386365363130623034353831356135346631
65333130336539653366303364653565396239633762393632663632383138333965643464366237
39616164616563386266623865393238373839663330353031386262386161666130393333376333
38393937306436333436393237353231366237666533313632663935646538383861613762386238
39623363393361393839343431613261346130343637383663643530343465643262303066633462
61613338343035373061343436363031666366323238623234653339643434363863653939356331
32323732613062343963366535356634353839333335653534636532663165383965646638363731
31303935626166333263663931343131393131393235323139633963373862623735303530656233
63373165636632313638343230326439643934346139343833626330663239623235646135303535
61393031636330376661333134303666613763326166343962386462313739323232383864363662
37313964303432633136633239623164323966333139633138613137363262636636643266373231
37306636323662326334353030323236396534356232306264636234313636303837396564396461
34633938633438333361353135653535353964386530613639363735636664656331333463396462
34373632366639366336323738656163336664633138383164376262636135363766383964316635
30643035656366376639643836373730613432393865353332333931623464393939623531366637
62326234386563323733326564313236336364643139306436663039366431636335646531343965
32353562366630636261623465646238376334336636303233656563323064383934316237643131
63653933336563616434633732363364346537316137653565626366363631663661633333383130
63373538363865303334373830336363343266333065303139306339626335346163343937396439
32613062333536633962393363643631643266653737636432653366616434306436353961623934
63396534383861313334353739303436363337363462653031373963666461613133646532333434
65306161343861653764643465653939396230366232666630656266393861303861313865333930
30666366363665303038373233623039643933663233353162303630343930626536656233363935
30306536363239663061323036616466353338366338626366363865646136313636386236323135
34653461666163316365323961626633363831366435326431646530346661633665643238376333
30373734633564326238333237666537626265613432653335356166396562326239323464383637
35373931356362633765363339303431303562383565663334303362313562396265653739633233
30346165653439373530393761313534636232643836656464383835653239666134326334613337
39633631353635633831303339353931386266343334303632633538653139343336363033643763
36636336343761646635366330386334313338643430396530646538313136356438343461303538
37333063353137306436323861353365306237373439653135623635633861323333346138663937
66336535333362353035663134613462383762653364636162646462326338636236663432613138
37316437323832656663643736313035666632333537653061353131613163306361343264376465
64343136633932653237323130333263323836343966666130663635343230396434633563303933
36313139326632666131356233393061313361643762383439623634646431363736306235333734
35396662666234353663393164323137393664323538333166333666313332306233643964626630
34363464653935656566396132636363643236663639303365303634343535376239376465376663
37343431613134636531323635643837353430656632303131356333343863323762306634306663
39356330613339356339316431366366653139363662636462386365653538343663333061363734
62313330636365623763393237666430386638353963333665343136363638383933356539663234
63313861323632646363633965653533613733643434336430333333393836303963313238623930
32393163323130623766386664323065626136383835633132303937373230656531323031353635
36303530303164643361633738366565396133316338633863373931373562336663633765663264
66313333633964636237393032616130636539376235616463376361353732343366393264383861
33343466666338356564616437306131653533626564343865336164353032633037373963376565
36376630343231363036353831343939363362383733353734663232623333613633303136366436
35373838336165316561306462656238323436346135626563613830323461333534373365313130
39663233303861366530393235613135346538623437646263613061613537326534653836313539
64373263653734623833666366373131653436636134323232626535623064646331306631616561
65666133313138336438616566363432666562653438346364326266373139333063663065303833
61373836346237373661663333396663303962626566623238653036363731626463333034653939
65653438333036653835343064613733653564343466636130643531326438663732646635366132
32366364656330613830353863623536616237653334393366633264626637653031366531323062
36383665326663346536643061353032303161386362333062386664396265313664313563666337
34666266383836373339636337333139636534306463326666646539646663656434393961376536
61376566393639383062353533396162383064653364646530376363313432313832666339643235
61633266646666636134363163306533346663393434333361646361346537306339336164666430
64323164316238623262303537353464396165616330616333636465623930663463646361393231
64373338303136666262323263353930616661383933646361316134633432386165303461633064
33326564373333356233306430306633336161396663303534363665353666326630636333353061
38666131643064333336646136396334306430353030653234396262323962616232383039393936
63366361643464656362393031333431356336656261376666393864383437316139366632613533
656635346362336531383636353934336265
